0 357
358 659
660 1365
1366 2309
2310 2739
2740 2826
2827 2895
2896 2945
2946 3568
3569 4351
4352 5185
5186 5543
5544 10925
10926 11039
11040 11940
11941 12083
12084 16997
16998 17364
17365 17485
17486 20288
20289 20745
20746 20757
20758 21019
21020 21083
21084 21115
21116 21338
21339 21370
21371 23834
23835 24269
24272 24385
24386 25813
25814 25847
25848 26038
26039 26231
26232 26342
26343 31295
31296 31304
31305 32475
32476 34382
34383 34391
34392 34698
34699 36580
36581 36589
36590 37265
37266 37382
37383 40339
40341 40454
40455 43251
43252 43286
43287 45283
45284 45394
45395 50187
50188 50305
50306 59573
59574 62677
62678 62820
62821 73488
73489 73601
73602 76138
76140 76279
76280 77619
77621 77735
77736 89428
89429 89438
89439 92058
92059 92070
92071 92374
92375 92377
92378 92885
92886 92992
92993 93079
93080 93180
93181 93223
93224 93364
93365 93369
93370 93558
93559 93651
93652 93747
93748 93795
93796 93936
93937 94087
94088 95236
