6.747 13.105
14.68 236.407
241.79 475.272
476.281 490.375
495.75 739.225
745.934 750.743
752.192 939.035
945.746 1327.575
1334.284 1631.562
1635.579 1644.369
1645.689 1697.514
1701.07 1925.163
1930.541 2136.99
2138.141 2214.718
2215.779 2228.599
2233.846 2466.005
2472.716 2477.52
2478.969 2667.169
2674.007 3060.395
3067.106 3324.427
3328.442 3337.244
3338.549 3390.376
3393.934 3620.557
3625.938 3818.077
3820.007 3879.57
3880.822 3900.73
3902.166 3914.04
3919.288 4146.686
4153.397 4158.205
4159.66 4343.719
4350.431 4691.31
4698.147 4941.607
4945.624 4954.408
4955.734 5007.552
