8.783 12.713
14.932 140.398
143.704 271.298
274.604 404.135
407.452 534.303
537.622 666.295
669.601 797.631
800.938 932.627
935.932 1064.439
1067.749 1196.014
1199.333 1327.088
1329.6 1409.452
1411.177 1478.959
1481.668 1609.694
1613.0 1741.042
1744.352 1873.25
1876.568 2013.819
2017.038 2144.238
2147.554 2199.679
2200.85 2268.912
2270.198 2279.114
2282.431 2411.691
2415.196 2548.263
2551.574 2678.729
2681.991 2811.007
2814.522 2931.513
2933.253 3001.912
3004.427 3145.771
3149.086 3279.627
3282.935 3412.415
3415.733 3548.229
3551.742 3690.733
3694.19 3822.096
3825.409 3958.005
3960.517 4065.426
4067.135 4144.727
4148.243 4304.36
4307.879 4442.425
