0.0 13.295
27.201 43.197
59.021 70.815
72.407 170.364
173.119 254.541
256.074 256.647
262.626 367.891
370.63 445.16
446.395 446.966
452.945 622.368
623.837 624.39
630.407 736.715
739.467 812.017
813.547 814.234
820.215 924.98
927.714 1009.253
1010.758 1011.437
1017.426 1196.162
1197.684 1198.372
1204.38 1311.11
1313.841 1402.106
1403.607 1404.296
1410.307 1515.872
1518.632 1593.042
1594.561 1595.263
1601.276 1772.962
1774.487 1775.3
1781.28 1890.389
1893.167 1966.676
1968.166 1969.002
1974.982 2150.756
2152.225 2153.133
2159.143 2267.151
2269.906 2364.255
2365.548 2366.428
2372.405 2479.114
2481.853 2560.609
2562.078 2562.985
2568.992 2741.793
2743.244 2744.284
2750.262 2853.664
2856.401 2964.41
2965.665 2966.616
2972.633 3081.073
3083.824 3178.586
3185.211 3190.385
3206.184 3314.311
3317.067 3393.244
3394.742 3395.784
3401.796 3562.997
3564.505 3565.52
3571.532 3674.948
3677.689 3766.462
3767.931 3769.035
3775.017 3940.326
3941.831 3942.868
3948.878 4054.924
4057.676 4145.555
4147.07 4148.11
4154.124 4252.167
4254.935 4354.161
4355.651 4356.684
4362.694 4571.57
4573.167 4574.205
4580.221 4683.823
4686.56 5034.074
5050.701 5051.497
5053.433 5054.227
5056.162 5056.505
5060.01 5107.447
