0.0 0.35
1.45 11.757
13.403 13.592
14.594 16.016
20.7 33.885
35.833 93.148
96.364 245.332
248.578 682.575
685.82 744.022
747.233 984.061
987.301 1389.977
1393.225 2250.511
2253.766 2752.1
2755.322 3104.489
3106.225 3384.149
3389.488 3442.5
3449.053 3449.435
3450.534 3460.84
3462.488 3462.678
3463.678 3465.1
3469.785 3482.966
3484.952 3539.573
3542.79 4211.925
4215.127 4373.641
4376.863 4627.793
4631.048 4788.564
4791.786 5168.152
5169.152 5238.766
5239.774 5358.616
5361.839 5632.692
5634.46 6086.661
6089.875 6285.902
6291.241 6344.256
