0.0 7.917
10.831 18.766
19.898 25.192
30.322 33.931
38.161 45.013
47.04 47.731
54.184 56.103
63.9 72.19
73.513 74.203
76.772 77.376
79.458 84.71
87.141 90.192
96.463 102.14
103.829 103.866
109.679 111.076
119.359 127.971
129.036 129.728
132.304 132.895
136.931 150.128
152.669 153.29
157.579 162.332
164.797 165.42
168.462 185.436
188.006 188.604
190.392 192.112
195.916 196.514
197.681 199.113
201.519 202.122
204.538 205.969
208.374 208.976
212.008 217.859
220.342 220.945
224.63 226.052
228.446 229.048
233.338 242.999
245.431 247.673
251.509 255.878
258.014 264.705
272.174 277.852
282.94 284.793
291.725 293.445
300.245 303.026
304.251 306.508
311.876 322.544
325.116 325.712
330.095 331.765
335.852 336.455
338.383 340.517
344.616 345.223
347.184 348.954
353.039 353.643
355.52 358.509
361.519 362.119
364.04 372.678
374.101 374.791
377.368 377.959
379.814 381.6
385.691 386.286
389.896 395.948
398.379 401.429
403.957 404.206
405.417 405.677
411.362 414.201
419.082 424.569
429.449 436.174
442.128 443.897
450.774 452.164
457.951 459.721
466.598 467.988
475.024 478.577
481.009 483.253
485.889 491.239
492.34 493.031
499.384 501.086
508.935 515.043
517.596 517.6
519.367 521.253
524.753 525.444
529.367 543.589
545.169 545.86
548.418 549.016
551.498 555.843
559.218 561.287
565.076 565.677
566.838 572.36
574.393 578.381
579.412 580.103
582.664 583.259
584.676 589.895
592.326 595.376
597.904 603.372
604.471 605.163
611.115 622.617
625.164 625.778
627.499 636.383
638.183 638.874
644.827 650.262
655.143 661.277
663.708 665.952
668.687 669.053
670.33 670.59
676.675 677.04
678.317 678.577
683.496 688.986
698.022 704.108
710.719 720.695
722.078 722.768
725.309 725.314
726.908 731.761
734.192 737.243
739.77 745.16
746.218 746.911
752.267 753.651
759.439 763.842
768.723 772.18
774.879 778.335
780.764 783.01
785.379 785.746
786.972 787.232
792.084 792.451
793.66 793.921
798.757 803.676
810.304 815.765
817.022 817.712
823.017 824.886
831.637 840.724
849.757 852.042
856.109 856.113
859.841 862.987
865.375 865.379
869.308 872.811
881.553 883.423
890.755 893.091
897.162 897.163
902.702 907.106
909.537 912.587
917.612 924.514
930.334 931.724
937.512 952.739
954.817 955.411
959.691 964.56
965.599 967.062
968.843 972.547
975.05 975.643
979.31 980.743
983.147 983.751
984.916 986.351
988.754 989.352
993.637 1001.994
1004.962 1004.999
1010.176 1016.609
1023.736 1027.308
1029.739 1031.983
1034.386 1034.902
1036.161 1036.421
1043.637 1055.088
1059.379 1061.314
1069.395 1074.413
1080.644 1086.426
1088.858 1091.909
1094.436 1094.802
1096.079 1096.339
1102.024 1106.229
1111.109 1111.625
1112.918 1113.178
1121.359 1125.902
1129.146 1134.282
1139.162 1139.528
1140.872 1141.132
1146.817 1151.881
1155.836 1156.352
1157.794 1158.054
1164.988 1170.645
1171.659 1175.938
1181.892 1183.662
1193.027 1194.425
1201.461 1204.393
1205.599 1209.166
1211.589 1213.833
1217.151 1223.747
1226.653 1233.257
1240.38 1252.008
1253.719 1254.409
1256.967 1257.571
1259.482 1261.334
1265.126 1265.721
1268.434 1270.203
1273.996 1274.589
1276.853 1282.505
1290.797 1297.197
1300.026 1300.715
1305.955 1307.675
1315.805 1319.456
1322.145 1331.828
1333.155 1333.846
1336.386 1337.005
1338.634 1343.804
1346.235 1349.285
1351.813 1356.233
1362.361 1362.727
1364.021 1364.281
1369.966 1379.668
1381.359 1382.05
1387.005 1391.708
1394.175 1394.18
1396.59 1400.61
1403.041 1405.285
1407.954 1411.291
1415.857 1416.108
1417.367 1417.627
1424.96 1425.208
1426.368 1427.88
1433.129 1433.493
1434.721 1434.982
1440.983 1446.402
1450.283 1454.588
1457.018 1460.069
1463.845 1469.297
1474.178 1483.662
1489.071 1495.455
1500.727 1502.119
1507.29 1508.69
1515.726 1528.125
1530.679 1531.296
1533.082 1540.423
1542.985 1543.583
1547.624 1549.526
1553.623 1554.227
1557.639 1559.107
1561.5 1562.103
1564.895 1566.848
1570.948 1571.544
1574.33 1576.049
1580.135 1580.738
1583.532 1588.221
1593.009 1593.625
1595.824 1597.477
1599.85 1600.473
1603.266 1610.657
1613.209 1613.823
1619.106 1625.942
1628.723 1635.332
1637.871 1638.488
1641.286 1643.171
1647.253 1647.868
1650.654 1657.678
1660.239 1660.853
1666.129 1667.998
1672.068 1672.687
1678.657 1680.291
1682.681 1683.293
1685.499 1687.048
1689.425 1690.042
1695.33 1702.206
1704.752 1705.361
1708.159 1714.885
1717.444 1718.054
1720.257 1721.806
1724.181 1724.801
1730.089 1732.939
1735.366 1736.91
1738.392 1739.12
1741.903 1746.49
1748.921 1751.164
1754.2 1760.445
1763.752 1764.267
1765.66 1765.92
1774.633 1774.999
1776.192 1776.453
1781.338 1786.427
1787.539 1788.231
1793.236 1799.559
1804.649 1809.714
1814.933 1817.907
1823.768 1827.832
1832.82 1837.161
1840.557 1842.411
1851.39 1859.42
1860.736 1861.426
1863.986 1864.588
1866.399 1871.909
1875.034 1876.921
1881.017 1881.616
1885.518 1889.023
1890.455 1897.145
1903.497 1911.722
