10.437 14.052
15.723 37.344
38.773 45.039
46.56 49.525
50.985 58.396
60.579 63.077
65.304 152.598
155.25 157.747
159.976 217.927
220.577 223.078
225.32 266.098
268.749 271.248
273.492 319.676
322.329 324.825
327.102 383.371
386.023 388.52
390.797 464.521
466.154 468.659
470.82 518.714
522.0 524.496
526.773 627.665
630.321 632.819
635.097 714.273
716.922 724.328
726.508 729.006
731.261 771.495
774.149 776.648
778.921 816.459
819.106 821.604
823.824 870.502
873.153 875.655
878.22 952.334
954.985 957.48
959.728 1008.338
1010.993 1013.489
1015.776 1075.681
1077.316 1079.808
1081.963 1131.503
1134.59 1137.089
1139.541 1185.9
1188.551 1191.049
1193.348 1246.899
1249.557 1256.97
1259.148 1261.645
1263.897 1302.99
1305.636 1308.135
1310.518 1358.382
1361.032 1363.528
1365.911 1433.974
1436.622 1439.121
1441.503 1530.232
1532.884 1535.381
1537.663 1594.31
1596.962 1599.458
1601.836 1642.297
1643.931 1646.429
1648.596 1696.908
1699.993 1702.487
1704.736 1742.043
1744.702 1747.197
1749.578 1853.883
1856.525 1863.935
1866.119 1868.615
1870.865 1917.674
1920.327 1922.824
1925.082 1971.456
1974.107 1976.604
1978.973 2037.227
2039.887 2042.377
2044.829 2134.288
2137.124 2139.622
2142.131 2184.891
2187.544 2190.04
2192.41 2276.12
2277.762 2280.256
2282.43 2330.683
2333.963 2336.465
2338.834 2379.753
2382.402 2384.901
2387.301 2461.619
2464.266 2471.673
2473.852 2476.348
2478.647 2512.385
2515.037 2517.532
2519.914 2570.323
2572.972 2575.47
2577.919 2662.205
2664.855 2667.351
2669.634 2715.867
2718.52 2721.015
2723.344 2791.384
2794.044 2796.54
2798.919 2871.011
2872.644 2875.143
2877.304 2924.39
2927.407 2929.905
2932.267 2987.183
2989.836 2992.332
2994.78 3112.829
3115.476 3122.883
3125.066 3127.563
3129.93 3217.873
3220.524 3223.023
3225.46 3296.028
3298.678 3301.173
3303.597 3393.699
3396.365 3398.865
3401.299 3496.443
3499.098 3501.593
3504.087 3617.648
3620.299 3622.795
3625.155 3694.137
3695.772 3698.272
3700.421 3747.301
3750.384 3752.88
3755.344 3843.759
3846.41 3848.906
3851.491 3934.959
3937.605 3950.427
3953.17 4009.861
