0.0 101.319
110.872 403.666
405.804 743.956
746.143 750.209
751.968 782.176
785.863 789.515
790.73 1174.131
1175.203 1175.782
1185.243 1188.513
1189.912 1552.326
1553.396 1553.975
1556.764 1560.441
1561.649 1806.671
1814.807 1818.444
1819.657 2322.905
2323.98 2324.557
2327.354 2331.137
2332.279 2579.466
2580.54 2581.118
2583.865 2587.656
2588.789 2981.187
2985.584 2989.311
2990.628 3303.757
3304.829 3305.408
3308.654 3312.973
3319.421 3384.383
3387.609 3458.154
3463.618 3484.119
3488.224 3796.95
3799.086 4113.096
4115.319 4117.722
4119.515 4151.355
4152.602 4155.602
4157.711 4161.382
4162.607 4326.279
4327.372 4329.423
4332.388 4335.992
4337.209 4678.914
4680.004 4680.555
4683.363 4687.133
4688.286 4953.629
4954.721 4958.317
4960.527 4991.589
4993.862 4997.688
4998.804 5160.405
5161.499 5162.045
5168.673 5172.329
5173.547 5431.426
5432.518 5433.07
5437.46 5441.226
5442.391 6061.853
6062.947 6063.496
6069.53 6073.201
6074.398 6313.189
6314.283 6314.83
6317.661 6321.31
6322.521 6668.172
6669.266 6669.812
6672.865 6676.119
6677.687 7014.27
7015.362 7015.911
7019.273 7089.378
7093.646 7164.198
7171.389 7174.784
7177.74 7522.197
7524.327 7912.122
7913.203 7913.77
7916.574 7919.771
7921.001 8143.741
8144.82 8148.444
8150.491 8181.849
8184.197 8187.874
8189.092 8651.488
8652.569 8653.135
8654.959 8657.965
8665.24 8669.03
8670.183 9197.57
9205.134 9208.817
9210.01 9446.696
9447.776 9448.343
9451.162 9454.952
9456.087 9812.908
9817.275 9821.002
9822.351 10160.17
10161.25 10161.817
10165.099 10169.307
10171.832 10236.782
10242.652 10313.191
10315.628 10416.838
10425.175 10682.046
10683.12 11005.229
11006.303 11011.589
11013.354 11040.67
11044.125 11256.662
