3.842 200.312
201.584 267.031
269.917 379.277
381.317 436.534
437.901 521.497
522.813 540.661
542.164 546.629
548.27 555.84
557.196 871.516
872.789 889.869
891.855 895.523
897.162 906.471
907.745 1076.263
1078.408 1344.671
1345.99 1362.906
1364.476 1369.524
1371.164 1378.887
1380.497 1480.832
1483.718 1534.018
1535.126 1599.774
1601.039 1616.039
1617.709 1621.592
1623.25 1634.737
1636.016 1674.072
1675.356 1688.93
1690.19 1691.956
1693.251 1695.17
1696.449 1731.044
1732.298 1735.105
1736.297 1825.734
1828.481 1835.678
1836.915 1842.022
1843.272 1848.727
1849.979 1855.933
1857.186 1876.826
1878.008 1926.606
