4.296 9.315
14.712 110.165
114.539 209.35
216.879 322.629
327.19 478.945
485.694 639.39
644.734 762.19
766.782 875.945
879.735 971.952
973.266 976.928
981.142 987.269
989.082 1072.231
1080.072 1162.152
1166.52 1253.728
1260.843 1369.795
1374.095 1523.748
1530.321 1671.204
1676.118 1776.416
1781.478 1894.663
1898.457 1992.07
1993.352 1997.001
2001.229 2007.505
2009.165 2092.328
2100.114 2193.919
2198.291 2278.198
2283.841 2416.615
2420.975 2621.146
2627.813 2780.081
2784.493 2886.072
2890.817 3012.217
3016.012 3192.499
3193.88 3197.529
3201.686 3207.76
3209.689 3292.846
