7.283 43.27
46.71 53.988
55.4 148.693
150.158 197.516
199.011 284.899
286.386 326.789
328.264 348.65
350.168 403.008
404.405 414.961
416.385 463.2
464.622 573.297
574.742 603.276
604.708 627.567
628.935 682.521
683.674 708.187
709.612 859.254
860.673 908.883
910.388 953.09
954.566 1034.668
1036.152 1094.228
1095.739 1242.475
1243.979 1273.441
1274.931 1473.032
1474.528 1491.723
1493.24 1509.796
1511.28 1524.575
1526.87 1534.292
1537.701 1572.507
1574.199 1702.5
1703.96 1725.227
1726.674 1757.785
1760.706 1882.144
