10.82 105.724
111.403 117.337
120.366 163.842
164.995 174.657
175.737 193.358
194.663 211.197
213.93 223.24
224.491 232.259
233.454 243.927
245.139 254.229
255.291 310.833
311.948 320.396
321.626 330.059
331.249 340.779
341.831 364.264
365.514 395.68
396.724 415.569
417.582 419.255
420.32 435.408
439.087 439.222
441.049 441.066
442.233 442.242
445.889 472.55
473.578 485.448
486.68 497.576
498.907 526.629
529.905 530.044
533.43 533.441
537.883 547.542
548.661 578.413
579.469 584.514
585.804 597.469
598.525 605.389
606.437 624.267
625.429 631.345
632.424 641.694
643.505 643.548
644.821 646.333
647.345 653.792
655.108 657.946
659.288 672.335
673.481 673.527
674.805 678.586
679.946 680.793
681.959 682.003
683.29 695.191
696.252 696.305
697.469 703.739
704.873 709.707
710.796 710.844
711.98 716.823
717.9 717.948
719.217 725.587
726.724 732.093
733.161 733.612
734.672 742.305
743.324 743.369
744.542 752.442
753.512 759.93
761.014 767.303
768.386 768.969
769.982 775.839
776.986 780.625
782.41 784.972
786.259 791.632
792.677 796.541
797.669 798.52
801.324 801.451
803.834 803.852
809.421 818.651
819.982 821.628
826.571 827.421
828.614 839.981
841.013 841.076
842.213 846.25
847.344 854.791
856.091 906.907
907.915 1058.476
1063.802 1064.641
1065.91 1068.193
1069.452 1074.983
1076.049 1078.888
1080.018 1088.051
1089.063 1095.906
1096.974 1104.217
1105.313 1121.934
1123.866 1124.446
1125.491 1132.212
1133.298 1149.838
1151.148 1159.992
1161.053 1169.626
1170.663 1183.061
1184.239 1195.546
1196.739 1201.853
1202.916 1210.267
1211.568 1216.928
1218.241 1223.471
1224.549 1228.61
1230.556 1231.926
1232.964 1247.306
1248.607 1251.239
1252.995 1253.136
1257.739 1275.918
1277.032 1278.549
1279.605 1295.536
1296.797 1300.046
1301.322 1304.156
1307.955 1308.096
1314.383 1318.657
1321.766 1321.906
1323.245 1323.591
1324.679 1324.69
1329.745 1331.816
1332.853 1334.364
1335.379 1347.81
1349.048 1349.127
1350.329 1355.966
1357.227 1357.29
1358.45 1366.479
1367.616 1374.849
1376.09 1376.159
1377.311 1384.29
1385.489 1386.199
1387.2 1387.278
1388.427 1394.867
1396.145 1396.214
1397.348 1403.387
1404.425 1404.5
1405.639 1411.272
1412.497 1412.563
1413.724 1419.365
1420.518 1420.585
1421.743 1427.778
1428.903 1428.972
1430.131 1435.766
1437.767 1437.819
1438.988 1439.055
1440.194 1445.834
1446.994 1447.059
1448.199 1454.901
1456.034 1475.938
1476.941 1486.048
1487.371 1494.602
1495.826 1495.899
1497.051 1503.089
1504.295 1504.365
1505.499 1511.144
1512.389 1512.454
1513.585 1519.226
1520.458 1520.525
1521.655 1527.699
1528.827 1528.893
1530.163 1535.008
1536.937 1537.651
1538.689 1538.758
1539.898 1545.532
1546.625 1546.694
1547.836 1553.473
1554.797 1554.864
1556.011 1562.44
1563.531 1563.605
1564.84 1572.479
1573.989 1575.751
1576.924 1582.559
1583.624 1584.082
1585.122 1590.762
1592.113 1592.958
1594.268 1606.392
1610.573 1610.714
1613.871 1613.882
1620.841 1620.981
1625.717 1636.676
1637.76 1640.625
1641.813 1645.587
1646.639 1649.485
1650.559 1680.809
1681.818 1693.323
1697.149 1697.288
1698.463 1698.472
1703.621 1716.69
1717.925 1763.347
1764.466 1841.454
1843.177 1901.504
1903.109 1939.428
1941.646 1969.404
1971.273 2053.433
2055.288 2102.816
2104.948 2106.808
2108.72 2292.322
2293.452 2366.446
2368.101 2446.019
2447.638 2451.007
2452.561 2452.574
2453.649 2472.43
2474.188 2514.615
2515.941 2515.951
2517.29 2518.114
2519.721 2541.883
2545.545 2546.72
2548.419 2611.519
2612.593 2705.043
2706.174 2767.799
2769.349 2811.982
2813.049 2813.065
2815.214 2894.253
2895.991 2971.75
2973.222 2979.356
2980.846 2984.739
2986.573 3010.444
3012.036 3038.045
3039.985 3040.692
3042.963 3184.569
3185.709 3234.206
3235.743 3270.749
3272.828 3272.841
3276.369 3351.627
3353.269 3398.149
3399.875 3407.741
3409.206 3409.219
3411.102 3413.815
3415.464 3443.96
3446.104 3471.868
3473.513 3614.442
3618.963 3628.689
3629.861 3676.343
3677.903 3715.326
3717.561 3722.517
3724.094 3724.105
3725.284 3735.831
3737.417 3761.287
3762.876 3786.774
3789.365 3790.632
3792.755 3939.594
3940.68 3946.982
3948.543 3960.241
3961.694 3961.71
3965.522 4013.561
4015.233 4079.828
4081.963 4086.589
4089.805 4092.704
4094.567 4102.04
4103.821 4122.819
4126.846 4128.198
4130.547 4307.562
4308.824 4316.922
4318.16 4322.566
4323.727 4369.0
4370.613 4401.668
4403.299 4444.911
4448.755 4465.978
4467.552 4474.647
4476.096 4495.341
4497.335 4507.853
4510.233 4654.164
4655.329 4670.539
4676.015 4684.55
4685.609 4689.657
4690.692 4701.871
4702.99 4707.951
4709.035 4715.857
4717.069 4734.614
4738.34 4739.985
4741.213 4747.924
4748.925 4754.84
4755.895 4763.109
4764.121 4778.504
4779.602 4781.907
4785.775 4791.983
4793.021 4814.418
4815.612 4817.259
4822.13 4822.269
4828.025 4828.875
4829.92 4833.729
4834.779 4837.486
4838.498 4840.153
4844.558 4845.841
4848.569 4848.706
4849.845 4850.027
4854.055 4854.098
4856.406 4856.546
4859.49 4862.34
4863.436 4879.059
4880.222 4881.474
4882.553 4890.588
4891.781 4894.255
4895.355 4919.229
4920.429 5111.181
5112.402 5112.415
5116.19 5135.374
5136.56 5136.575
5137.676 5137.685
5138.832 5218.849
5232.458 5356.286
