0.0 4.749
6.996 36.872
41.854 55.827
60.806 73.45
78.542 104.917
109.9 133.192
138.289 164.394
169.422 224.489
227.259 230.477
235.458 258.749
263.829 281.164
286.151 364.554
369.537 393.627
398.614 416.042
421.073 441.653
446.635 468.862
473.864 494.472
499.457 539.254
543.199 565.964
570.946 584.917
589.9 603.073
608.056 649.986
654.968 681.986
686.973 711.326
716.314 746.788
751.77 787.576
792.613 817.18
822.273 845.753
849.673 872.162
877.144 891.383
896.365 909.806
914.793 976.137
979.866 1011.649
1016.632 1030.338
1035.32 1049.557
1054.604 1080.161
