0.0 11.419
32.234 62.597
65.457 78.98
80.039 81.816
84.692 108.005
110.879 136.026
138.895 161.119
162.137 167.124
172.52 206.597
207.6 209.388
212.265 260.936
263.797 301.304
304.164 340.838
343.711 414.354
415.539 420.523
426.186 451.68
453.788 572.365
573.379 594.703
605.007 627.74
629.498 644.08
645.805 660.022
661.972 676.259
678.018 773.308
783.513 806.563
808.597 825.465
827.106 846.379
847.733 864.217
865.97 927.429
928.805 988.489
998.942 1023.206
1025.041 1039.995
1041.353 1071.21
1072.225 1089.047
1090.405 1185.331
1195.917 1215.423
1217.064 1241.396
1242.822 1335.382
1345.887 1374.229
1375.403 1426.225
1427.777 1448.721
1450.473 1498.839
1499.859 1592.959
1603.163 1630.288
1631.381 1653.984
1655.142 1677.378
1678.77 1702.006
1703.662 1724.686
1726.225 1810.392
1811.551 1830.226
1831.247 1839.519
1849.79 1897.999
1900.071 1938.914
1940.672 1981.527
1983.401 2058.768
2060.409 2097.137
2098.279 2137.087
2138.279 2213.163
2214.215 2258.462
2269.016 2304.595
2306.197 2362.251
2363.503 2397.91
2399.044 2415.495
2416.688 2433.632
2434.725 2501.604
2502.74 2541.264
