9.209 109.888
113.964 118.14
120.104 123.032
129.254 135.046
137.007 139.611
143.85 152.683
154.65 157.246
161.486 166.061
168.031 170.629
181.282 212.49
218.842 223.283
225.245 228.181
234.719 239.856
241.827 244.425
248.619 257.926
259.895 262.49
266.727 272.435
274.398 277.012
287.656 315.922
318.863 319.05
322.111 322.705
326.897 327.364
332.055 332.397
337.464 343.103
345.072 348.001
354.408 361.572
363.548 366.146
370.313 374.8
376.766 379.363
383.566 388.727
390.688 391.161
404.635 404.976
410.023 413.57
415.532 418.468
424.617 430.841
432.805 435.74
441.882 444.635
446.604 449.528
455.889 460.293
462.255 464.87
469.052 475.519
477.482 480.094
484.264 487.797
489.762 492.364
503.02 535.642
542.064 577.606
581.876 587.766
589.738 592.344
596.526 598.999
600.966 603.896
610.216 613.757
615.727 618.327
622.519 627.584
629.546 632.482
638.812 648.865
650.838 653.437
657.657 662.26
664.232 667.159
673.697 676.919
678.881 681.477
685.702 691.829
693.793 696.397
700.592 703.659
705.626 708.223
718.883 751.437
752.945 755.879
762.145 764.143
766.11 769.04
775.324 778.985
780.955 783.546
787.754 790.066
792.032 794.964
801.147 805.458
807.428 810.356
816.57 823.611
825.578 828.509
834.91 840.101
842.071 844.999
851.158 858.703
860.676 863.27
867.491 870.9
872.875 875.798
882.398 885.327
890.99 908.586
911.281 988.745
990.309 1088.697
1092.837 1097.411
1099.388 1101.975
1106.186 1108.508
1110.473 1113.401
1119.991 1122.536
1124.5 1127.433
1133.864 1138.16
1140.129 1143.058
1149.526 1152.636
1154.601 1157.534
1164.232 1168.526
1170.5 1173.425
1179.622 1183.652
1185.617 1188.55
1194.901 1199.093
1201.062 1203.657
1207.851 1213.319
1215.286 1217.884
1222.086 1226.198
1228.168 1230.763
1241.421 1275.872
1282.248 1287.081
1289.046 1291.979
1298.343 1302.423
1304.391 1307.321
1313.404 1316.117
1318.086 1321.015
1327.205 1364.127
1368.083 1370.976
1372.946 1375.875
1382.275 1384.155
1386.123 1389.053
1395.281 1399.696
1401.659 1404.589
1410.659 1415.836
1417.801 1420.399
1424.623 1427.267
1429.236 1432.162
1438.438 1442.176
1444.145 1447.074
1453.305 1456.186
1458.148 1461.084
1467.245 1470.595
1472.558 1475.494
1481.626 1484.356
1486.325 1489.255
1495.654 1498.882
1500.851 1503.779
1510.181 1514.207
1516.178 1518.785
1522.964 1529.033
1530.997 1533.593
1537.819 1540.847
1542.808 1545.411
1556.07 1592.628
1594.048 1596.977
1603.594 1606.523
1612.16 1629.812
1632.471 1710.904
1712.467 1759.167
