0.0 7.788
9.206 16.654
18.333 81.033
82.119 89.279
91.911 167.801
170.435 243.576
246.205 325.392
328.03 412.33
414.971 491.403
494.038 570.834
571.912 579.071
581.701 590.028
591.078 598.545
600.751 664.948
666.002 673.167
675.804 753.884
756.513 829.114
831.742 916.419
919.054 995.852
996.928 1004.087
1006.726 1083.708
1086.345 1167.172
1169.799 1257.146
1266.619 1268.91
1271.108 1271.805
1274.22 1274.635
1277.265 1277.278
1278.687 1278.81
1281.854 1281.987
1284.016 1284.118
1288.737 1288.861
1290.626 1290.767
1293.159 1294.036
1295.959 1296.064
1297.947 1298.894
1300.893 1301.873
1303.954 1304.085
1306.35 1306.631
1308.076 1308.179
1312.091 1313.053
1316.252 1316.382
1318.958 1319.06
1320.695 1320.824
1322.49 1323.57
1324.87 1326.865
1330.977 1332.239
1335.174 1336.9
1339.849 1341.324
1343.114 1343.22
1344.421 1348.345
1357.41 1393.215
1398.593 1426.045
1427.051 1434.214
