2.195 35.976
50.084 50.317
53.651 123.982
125.222 172.407
173.536 200.884
202.832 275.723
276.968 339.165
340.271 369.241
371.191 468.946
471.132 505.391
508.401 550.871
552.098 590.821
591.953 652.891
654.162 700.721
701.853 726.353
728.313 781.759
783.975 818.205
821.228 870.439
871.692 906.703
907.809 926.919
928.88 960.827
962.052 1005.238
1006.364 1028.635
1030.592 1108.174
1110.368 1144.621
1147.639 1192.397
1193.642 1230.661
1231.777 1249.637
1251.6 1280.589
1281.812 1327.035
1328.077 1355.811
1357.776 1419.74
1421.987 1456.193
1459.206 1478.786
