0.0 6.168
7.238 16.789
19.305 30.592
32.9 37.034
38.098 40.01
42.333 48.929
51.202 55.337
56.485 58.297
60.62 67.265
69.539 75.917
78.124 85.236
87.559 94.536
96.877 103.49
105.761 112.757
115.096 121.642
123.833 130.209
132.418 139.564
141.885 148.632
150.805 160.568
161.786 168.748
171.088 177.65
179.839 187.986
190.373 196.984
199.259 203.393
204.491 205.554
207.761 213.822
216.147 220.282
221.331 222.644
224.833 231.013
233.319 241.249
243.653 250.113
252.405 258.501
260.724 266.52
268.859 275.173
277.38 283.477
285.798 294.74
295.951 302.361
304.652 310.765
312.988 318.876
321.207 327.521
329.726 335.723
338.046 343.727
345.984 352.364
354.652 360.731
362.955 368.735
371.076 377.356
379.562 385.558
387.88 393.594
395.851 402.23
404.52 410.599
412.822 424.047
425.203 431.499
433.706 439.718
442.041 447.755
450.012 456.391
458.681 464.792
467.018 474.448
476.918 483.213
485.42 491.415
493.74 499.435
501.694 508.141
510.429 516.526
518.748 526.179
528.649 534.963
537.168 543.166
545.488 554.441
555.637 562.134
564.423 570.521
572.743 580.174
582.643 588.954
591.163 597.143
599.465 605.198
607.435 617.246
619.632 625.728
627.952 633.73
636.071 642.368
644.575 650.588
652.912 660.242
662.628 669.008
671.297 677.377
679.601 688.655
689.95 696.262
698.469 711.478
712.678 718.711
719.832 724.017
725.242 729.169
730.6 734.522
735.941 738.837
741.46 757.106
759.611 772.98
775.522 779.863
780.931 795.591
798.031 832.097
833.214 836.224
838.98 850.608
852.249 852.598
855.01 871.052
873.473 888.423
891.031 896.841
898.391 909.277
910.365 927.653
930.199 937.993
939.305 945.61
947.983 957.055
958.942 962.75
965.043 980.483
983.21 1022.119
1024.761 1031.4
1032.636 1039.007
1041.73 1054.716
1056.263 1059.72
1062.166 1076.812
1079.437 1098.015
1099.207 1105.581
1107.146 1118.476
1121.236 1128.776
1130.291 1133.871
1135.083 1138.907
1141.332 1164.811
1166.0 1176.952
1178.375 1204.86
1206.745 1209.138
1213.588 1237.052
1238.948 1241.333
1245.618 1262.715
1264.603 1266.991
1271.291 1294.313
1298.695 1319.316
1321.203 1324.395
1331.29 1344.825
1346.722 1349.105
1353.52 1367.921
1369.81 1372.202
1376.644 1391.672
1393.555 1395.946
1400.298 1414.097
1415.988 1418.375
1422.724 1437.655
1439.544 1442.733
1449.598 1464.549
1465.654 1471.688
1472.745 1473.074
