0.0 23.926
26.512 125.686
130.545 133.474
134.685 136.498
141.166 232.64
237.421 240.274
241.474 243.224
247.848 353.522
357.874 360.27
361.493 362.776
367.695 469.991
474.447 477.17
478.413 480.037
484.733 579.054
583.964 586.955
588.156 590.044
594.662 684.629
689.491 692.416
693.631 695.453
700.102 796.345
801.043 803.766
805.012 806.634
811.573 919.052
923.623 926.486
927.727 929.476
934.201 1052.42
1057.354 1060.345
1061.556 1063.437
1068.093 1158.317
1162.76 1165.292
1166.483 1167.898
1172.543 1277.67
1282.316 1285.039
1286.235 1287.858
1292.748 1410.071
1413.781 1415.777
1417.004 1417.894
1422.531 1519.238
1523.353 1525.543
1526.738 1527.828
1532.448 1639.641
1644.502 1647.434
1648.641 1650.455
1655.096 1780.209
1784.208 1786.265
1787.476 1788.433
1793.33 1905.617
1909.417 1911.474
1912.703 1913.659
1918.355 1924.493
1927.991 2053.342
2058.286 2061.276
2062.51 2064.394
2069.068 2169.449
2174.113 2176.84
2178.047 2179.671
2184.357 2297.986
2302.869 2305.799
2307.022 2308.84
2313.772 2448.151
2451.755 2453.686
2454.876 2455.699
2460.311 2579.891
2583.707 2585.57
2586.792 2587.542
2592.202 2723.139
2726.821 2728.545
2729.773 2730.396
2735.057 2842.292
2847.157 2850.082
2851.292 2853.106
2858.026 2981.458
2985.942 2988.732
2989.95 2991.636
2996.271 3117.84
3121.869 3123.927
3125.177 3126.126
3130.838 3155.867
3159.353 3277.143
3282.054 3285.045
3286.24 3288.13
3292.769 3414.896
3418.833 3420.822
3422.035 3422.922
3427.837 3558.681
3563.026 3565.685
3566.893 3568.454
3573.089 3648.553
3652.13 3747.984
3752.712 3755.502
3756.719 3758.405
3763.016 3884.126
3887.578 3889.107
3890.295 3890.714
3895.39 3924.564
3928.069 4054.196
4058.775 4061.431
4062.632 4064.184
4069.109 4227.928
4240.915 4241.009
