0.0 23.202
26.276 52.152
53.403 83.862
85.132 117.521
118.627 153.353
154.792 191.171
192.342 234.937
236.344 279.568
280.985 305.789
307.094 365.036
366.284 391.994
393.403 460.227
461.38 498.906
500.21 569.655
570.961 615.147
616.324 650.055
651.411 691.084
692.258 725.998
727.286 757.538
758.675 792.571
794.009 830.252
831.396 862.356
863.662 934.737
936.059 1008.664
1010.103 1046.694
1047.756 1088.542
1090.81 1133.22
1134.487 1160.998
1162.403 1194.172
1195.351 1233.076
1234.434 1310.085
1311.407 1408.193
1409.613 1474.914
1476.336 1527.323
1528.504 1559.224
1560.63 1597.554
1598.607 1619.758
1621.131 1667.551
1668.889 1706.899
1708.17 1767.542
1768.644 1795.502
1796.859 1835.296
1836.482 1863.091
1864.497 1918.98
1920.421 1958.843
1960.038 1985.308
1986.595 2029.494
2030.662 2064.307
2065.582 2089.878
2091.064 2116.125
2117.478 2142.224
2143.462 2165.311
2166.632 2301.128
2302.173 2332.934
2334.306 2358.685
2359.862 2402.303
2403.593 2414.016
