0.0 15.577
76.385 91.986
96.012 100.249
101.501 167.484
168.644 187.65
188.652 207.055
208.278 212.694
213.836 259.643
260.759 266.855
267.915 305.123
306.235 319.471
320.716 334.073
335.953 370.154
371.74 408.673
410.661 415.126
416.35 429.359
430.912 443.28
444.492 455.94
457.174 472.066
473.207 485.862
487.234 519.62
521.152 530.119
531.165 540.485
541.611 558.053
559.616 571.882
572.959 574.381
575.404 582.643
583.791 605.184
608.684 679.221
680.399 686.719
688.128 688.425
689.585 694.0
695.574 706.234
707.296 722.32
723.476 724.999
726.298 764.383
765.591 781.157
782.449 829.428
830.501 880.199
884.183 901.23
