0.0 58.5
60.272 67.236
68.801 102.857
103.981 109.466
111.099 144.426
145.536 152.423
153.995 201.565
203.245 203.697
204.814 209.636
211.278 255.856
257.413 302.246
303.386 304.545
306.176 341.57
343.812 346.572
348.171 414.567
415.592 419.819
421.6 453.867
455.648 486.538
488.234 490.9
492.892 517.386
518.515 521.416
523.384 572.847
573.936 578.887
580.502 625.644
627.223 679.96
681.674 687.708
689.312 712.374
713.4 714.963
716.537 762.708
764.671 771.109
772.755 811.562
812.646 819.195
820.753 877.867
879.546 886.05
