0.0 55.65
66.917 71.28
72.539 76.7
78.463 82.07
83.838 87.445
89.212 92.82
94.853 98.458
100.361 103.967
107.066 110.675
112.973 116.58
119.413 123.025
125.453 129.059
133.373 183.657
185.585 188.427
193.517 254.605
255.89 258.804
261.69 356.291
357.572 360.49
362.322 365.648
366.938 369.311
374.219 495.742
497.025 499.944
502.335 628.679
629.959 632.872
636.654 639.982
641.67 644.045
647.187 825.688
826.964 829.882
831.877 926.051
927.334 930.252
931.918 935.244
937.167 939.541
944.264 1013.972
1015.258 1018.172
1020.302 1149.432
1150.714 1153.631
1155.733 1159.059
1160.581 1162.958
1165.883 1400.956
1402.232 1405.15
1408.749 1412.075
1414.164 1416.538
1420.98 1495.629
1496.913 1499.832
1501.204 1623.717
1625.003 1627.918
1629.398 1632.732
1634.717 1637.09
1640.618 1961.71
1962.996 1965.913
1967.56 1970.892
1972.478 1974.853
1979.443 2614.074
2618.224 2701.868
2703.882 2706.732
2711.53 2795.188
2799.93 2883.589
2886.442 2890.051
2892.166 2895.772
2897.89 2901.498
2903.614 2907.224
2909.704 2913.307
2915.611 2919.222
2923.165 2926.776
2929.621 2933.229
2936.809 2940.419
2944.363 2947.969
