0.0 11.731
13.225 32.176
34.924 162.597
165.433 165.975
166.993 168.106
169.442 170.537
173.202 173.477
175.411 176.308
182.125 182.25
184.392 188.68
189.878 192.643
195.299 196.367
198.806 321.193
323.176 566.244
568.696 723.292
724.978 726.633
727.758 732.275
734.473 870.934
872.841 965.849
967.873 969.077
970.511 970.78
975.378 1148.052
1149.382 1152.036
1155.095 1158.883
1164.119 1210.361
1214.526 1227.367
1230.037 1231.082
1232.556 1232.921
1234.502 1236.45
1238.519 1238.697
1240.439 1240.506
1245.683 1250.215
1252.061 1256.115
1257.134 1531.456
1533.675 1538.511
1540.548 1688.825
1690.912 1781.489
1784.512 1825.902
1828.979 1848.108
1849.993 2338.248
2339.354 2377.448
2385.681 2389.642
2391.853 2405.492
2407.488 2412.29
2414.767 2554.709
2555.728 2560.467
2566.615 2622.34
2624.71 2624.953
2626.084 2672.731
2675.786 2676.97
2679.261 2717.582
2719.36 2721.957
2731.376 2735.398
2737.654 2835.355
2839.116 2961.511
2965.126 2984.438
2985.571 2987.6
2990.325 2990.466
2992.671 2995.15
2997.976 2999.009
3003.436 3004.172
3007.3 3007.921
3009.036 3013.104
3014.756 3015.557
3016.611 3019.009
3020.571 3122.521
3124.701 3126.227
3131.197 3139.517
3141.799 3155.316
3157.718 3335.372
3341.417 3345.553
3347.763 3485.358
3488.398 3536.259
3538.216 3651.107
3653.534 3653.748
3655.305 3656.954
3659.023 3659.07
3662.289 3662.405
3664.642 3666.635
3668.05 3763.294
3768.534 3771.065
3772.913 3825.714
3826.824 3829.426
3834.877 3838.732
3841.99 3931.116
3932.217 3936.683
3946.286 3981.677
3982.75 4045.59
4047.46 4110.885
4112.372 4291.321
4293.098 4389.702
4394.748 4516.981
4519.24 4522.636
4525.259 4721.499
4722.549 4727.28
4729.407 4730.89
4737.992 4752.63
4754.81 4869.999
4872.886 4878.69
4879.978 5004.231
5008.596 5073.009
5075.582 5086.369
5089.398 5196.085
5198.235 5291.338
5295.58 5302.748
5304.041 5318.197
5320.154 5632.914
5636.148 5641.54
5642.589 5898.994
