0.0 6.707
9.31 341.966
347.203 579.719
581.365 742.951
744.891 853.889
855.544 871.583
872.819 894.085
895.629 994.504
996.166 1050.416
1055.662 1419.291
1421.073 1662.961
1664.994 1775.434
1777.033 1798.745
1800.713 1800.741
1801.987 1975.257
1976.854 2079.086
2080.703 2160.418
2162.035 2176.619
2181.745 2182.16
2186.241 2187.794
2190.897 2191.366
2195.442 2196.954
2200.098 2200.6
2204.577 2206.139
2209.368 2209.926
2213.029 2214.504
2217.703 2218.825
2219.885 2221.352
2224.01 2224.457
2230.112 2232.752
2235.148 2321.918
2323.536 2465.9
2467.517 2479.453
2480.687 2491.959
2496.183 2549.227
2551.141 2715.956
2721.161 2872.979
2878.183 2878.648
2882.727 2884.281
2887.251 2887.666
2891.745 2893.274
2896.401 2896.956
2900.88 2902.411
2905.671 2906.187
2909.35 2910.907
2913.874 2914.373
2919.959 2922.599
2925.025 3056.109
3057.751 3397.101
3398.757 3570.061
3571.727 3589.464
3590.509 3591.31
3592.455 3592.706
3595.092 3674.708
3676.562 3776.288
3777.919 3829.064
3831.346 4106.029
4107.676 4120.059
4121.117 4121.782
4123.012 4137.049
4141.304 4314.57
4316.232 4349.364
4350.758 4351.725
4354.757 4493.463
4495.054 4511.535
4516.551 4516.981
4521.062 4522.623
4525.849 4526.221
4530.296 4531.771
4534.952 4535.478
4539.449 4541.008
4544.105 4544.627
4547.751 4549.226
4552.408 4552.848
4555.681 4559.786
4561.827 4584.139
4585.976 4719.854
4721.39 4729.885
4731.894 4873.407
4874.958 5027.877
5029.533 5043.844
5044.937 5233.541
5235.132 5280.983
5286.219 5429.352
5431.014 5445.601
5446.835 5470.297
5471.882 5599.802
5601.406 5613.327
5617.704 5618.221
5622.298 5623.765
5626.688 5627.121
5631.2 5632.759
5635.39 5635.936
5639.886 5641.392
5643.678 5644.153
5647.274 5648.818
5652.064 5652.491
5658.133 5660.775
5663.209 5885.839
5892.584 5902.34
5904.796 6122.728
6127.911 6134.005
6136.522 6298.754
6300.377 6408.555
6410.179 6521.244
6523.122 6556.793
6558.419 6688.892
6690.518 6885.971
6887.61 6972.591
6974.448 6975.021
6978.71 7000.428
7002.995 7010.519
7011.697 7012.93
7014.118 7014.222
7016.585 7083.735
7085.386 7093.557
7095.938 7165.285
7166.983 7173.146
7182.489 7183.471
7191.495 7372.266
7373.849 7435.003
7436.143 7437.665
7438.805 7440.327
7441.468 7442.99
7444.056 7534.318
7535.93 7580.985
7583.268 7818.05
7819.708 7907.87
7909.528 7962.062
7964.002 8044.762
8046.333 8133.682
8135.285 8287.032
8288.68 8375.55
8377.204 8495.488
8497.157 8563.164
8565.196 8638.33
8639.864 8831.38
8832.978 9002.387
9003.997 9153.708
9155.603 9240.492
9242.121 9359.295
9360.921 9442.111
9443.752 9715.108
9716.706 9841.516
9843.115 9906.725
9908.586 9998.61
10000.238 10111.322
10112.885 10231.906
10233.487 10402.761
10404.405 10431.504
10432.505 10434.692
10436.6 10535.663
10537.319 10594.929
10596.589 10634.723
10636.264 10637.488
10639.066 10644.36
10646.37 10700.596
10701.616 10703.791
10705.655 10707.924
10708.992 10711.161
10713.026 10787.459
10789.017 10899.025
10900.679 10994.351
10996.003 11115.303
11116.977 11204.72
11206.394 11330.698
11332.373 11367.885
11371.915 11371.943
11373.517 11374.421
11376.984 11382.287
11384.738 11510.487
11512.093 11517.187
11518.616 11641.284
11643.095 11850.247
11851.863 11877.613
11879.527 12000.828
12002.453 12116.104
12117.729 12273.661
12275.303 12342.022
12344.022 12344.453
12348.102 12369.817
12372.393 12379.797
12381.745 12382.3
12383.516 12383.605
12385.976 12452.638
12454.3 12462.428
12464.825 12548.531
12550.308 12556.444
12565.793 12566.77
12574.821 12755.557
12757.157 12818.808
