0.0 203.92
207.303 1720.977
1722.124 1722.148
1723.285 1725.646
1727.946 1729.159
1730.276 1730.299
1731.523 1733.781
1734.838 1747.768
1748.908 1752.472
1753.522 1925.444
1926.584 1926.614
1927.749 1928.937
1932.413 1933.594
1934.735 1934.759
1935.987 1937.444
1939.395 1941.749
1942.888 1944.08
1945.222 1955.728
1956.868 1956.932
1957.99 2068.106
2069.25 2247.194
2248.293 2261.138
2262.277 2269.287
2270.431 2271.616
2272.759 2272.783
2273.924 2273.947
2275.083 2296.298
2297.435 2297.46
2298.604 2299.79
2303.233 2304.448
2305.59 2305.611
2306.837 2308.306
2310.245 2314.928
2316.644 2354.8
2357.112 2369.423
2370.656 2372.919
2374.069 3995.453
3998.271 4000.412
4004.626 4355.221
4356.624 4361.652
4365.313 4366.992
4369.763 4370.167
4373.478 4374.45
