5.542 62.861
64.212 248.529
252.458 255.647
258.904 263.612
264.993 295.01
296.271 442.612
445.943 449.127
451.354 455.379
456.768 484.179
485.485 664.498
668.038 671.228
673.404 677.431
678.812 709.13
711.118 881.223
884.599 887.79
891.029 895.056
896.436 925.08
926.544 1115.613
1120.313 1123.501
1126.675 1130.7
1132.082 1159.758
1161.086 1466.153
1469.344 1472.524
1475.25 1479.276
1480.657 1509.12
1510.619 1705.832
1707.3 1713.278
1715.322 1719.348
1720.735 1745.768
1746.962 1953.747
1954.769 1960.654
1963.03 1967.056
1968.438 1993.668
1995.264 1995.698
1997.308 1997.674
2001.059 2203.801
2205.395 2206.769
2208.07 2211.258
2212.313 2212.851
2214.176 2221.364
2222.974 2223.383
2225.018 2225.581
2228.972 2459.884
2461.975 2465.156
2466.212 2466.75
2468.074 2475.272
2476.905 2477.244
2478.915 2479.946
2483.342 2710.321
2713.177 2716.359
2717.414 2717.953
2719.269 2726.468
2728.089 2728.485
2730.118 2730.351
2733.74 2770.403
2775.833 2779.635
2784.969 2785.388
2787.686 2832.32
2834.544 2837.726
2878.167 2903.047
2904.588 2904.909
2906.594 2907.559
2910.949 3193.382
3196.13 3199.313
3200.387 3200.923
3202.52 3209.553
3211.098 3211.458
3213.104 3214.603
3217.991 3397.652
3400.39 3403.577
3404.634 3405.171
3406.768 3413.798
3415.31 3415.722
3417.351 3417.386
3420.772 3458.281
3459.408 3567.438
3568.597 3604.058
3605.356 3737.479
3740.514 3744.046
3745.579 3752.607
3754.15 3754.516
3756.161 3756.594
3759.982 3816.681
3818.24 3916.374
3921.125 3950.856
3951.997 3957.233
3958.321 3963.815
3970.518 4146.062
