9.256 49.857
80.686 116.262
118.507 151.537
153.063 349.202
352.563 353.097
356.283 390.201
392.529 596.379
601.036 604.332
608.891 609.426
612.617 638.318
640.334 694.671
697.708 804.18
808.223 811.524
814.502 815.036
818.16 844.136
845.672 1104.601
1109.23 1112.529
1116.389 1116.923
1120.118 1145.699
1147.216 1308.139
1311.797 1315.093
1319.255 1319.787
1322.977 1346.674
1348.407 1573.211
1575.602 1576.406
1578.694 1581.989
1585.266 1585.801
1588.996 1614.101
1615.632 1748.495
1751.554 1841.954
1843.393 1844.299
1846.038 1846.096
1847.713 1851.013
1854.291 1854.823
1858.013 1882.868
1884.769 2090.162
2091.583 2091.642
2094.505 2097.806
2101.099 2101.633
2104.829 2144.312
2149.143 2149.64
2154.555 2335.066
2338.16 2345.847
2350.959 2351.457
2355.377 2603.273
2606.4 2614.102
2619.201 2619.632
2623.55 2813.771
2818.478 2823.296
2826.306 2833.99
2839.106 2840.069
2843.986 3038.718
3046.164 3052.504
3058.694 3059.326
3063.284 3303.455
3306.587 3312.929
3319.115 3319.946
3323.936 3503.159
3506.299 3512.634
3518.82 3519.384
3523.292 3644.854
3647.449 3677.994
3680.518 3680.573
3682.263 3683.074
3684.324 3713.275
3714.508 3715.471
3717.897 3741.677
3743.862 3787.618
3789.934 3819.782
3822.211 3845.359
3847.557 3847.825
3850.744 3886.888
3890.835 3891.099
3893.914 3894.18
3896.853 3970.04
3973.179 3979.512
3985.701 3986.066
3989.969 4047.622
4052.909 4061.886
4064.287 4067.211
4085.116 4090.02
4092.617 4093.687
4098.063 4200.077
4202.181 4306.407
