0.0 65.646
67.387 243.819
245.14 248.465
250.35 255.304
256.601 280.66
282.847 453.261
454.713 458.059
460.954 465.906
467.204 496.806
498.399 668.91
670.621 673.946
676.267 681.219
682.516 706.48
708.22 850.388
852.393 857.361
858.66 887.942
889.895 1023.037
1024.141 1027.48
1030.616 1035.568
1036.717 1058.729
1060.323 1296.243
1297.464 1300.795
1303.415 1308.37
1309.584 1334.294
1336.321 1608.354
1610.127 1613.453
1615.486 1620.455
1621.752 1644.83
1646.827 1788.098
1789.335 1792.668
1795.09 1800.042
1801.457 1924.803
1926.488 2017.38
2018.862 2023.195
2029.185 2156.291
2157.901 2341.936
2343.526 2347.86
2352.053 2372.965
2376.405 2486.934
2488.62 2582.155
2583.874 2588.197
2591.925 2646.997
2650.431 2982.278
2996.327 3178.507
3179.794 3349.338
3350.776 3502.902
3504.041 3609.013
3611.007 3639.679
3641.895 3658.815
3661.043 3680.243
3683.138 3701.943
3704.839 3719.416
3721.914 3743.557
3744.612 3744.668
3745.887 3769.646
3771.011 3867.345
3868.799 3872.127
3880.701 3925.308
3926.354 3931.393
3943.746 3943.865
3961.128 4142.254
