5.876 251.472
254.234 259.602
260.817 261.364
262.563 460.859
464.622 469.991
472.869 473.417
475.004 601.041
603.808 609.178
610.404 610.943
612.136 846.838
849.604 854.973
856.19 856.736
857.932 1050.404
1053.186 1058.554
1059.771 1060.322
1061.512 1325.902
1328.664 1334.033
1335.249 1335.797
1336.991 1498.749
1501.513 1506.883
1508.107 1508.635
1509.807 1711.364
1714.131 1719.499
1720.713 1721.264
1722.457 1781.942
1783.566 1784.448
1786.526 1959.952
1961.168 1961.713
1962.931 1970.707
1972.792 2151.025
2152.974 2158.342
2159.56 2160.111
2161.592 2169.281
2171.361 2226.098
2228.685 2321.824
2323.037 2323.588
2324.973 2332.845
2334.927 2597.407
2599.306 2604.674
2605.904 2606.442
2607.924 2615.728
2617.807 2642.151
2643.742 2664.096
2665.677 2731.921
2733.144 2746.392
2747.58 2774.05
2775.765 2845.185
2850.554 2850.62
2858.407 2858.453
2859.589 2859.641
2860.777 2884.492
2886.142 2957.089
2958.929 2959.978
2961.836 2970.562
2975.703 3084.512
3085.559 3149.719
