2.209 13.048
15.25 21.113
22.735 28.83
30.592 35.563
38.712 98.931
100.335 185.119
186.479 251.281
252.613 278.718
280.343 292.941
294.44 296.48
297.701 382.608
384.07 411.388
412.894 436.335
438.16 540.443
541.727 595.941
597.328 600.067
601.468 796.586
798.009 863.427
864.759 1057.309
1058.501 1117.747
1119.231 1300.29
1301.889 1321.781
1323.709 1344.453
1345.738 1427.61
1428.839 1604.746
1606.009 1796.791
1798.08 1969.145
1970.53 2039.943
2041.277 2231.42
2232.877 2459.778
2461.103 3077.988
3079.311 3262.823
3264.215 3278.54
3280.454 4384.854
4386.343 4612.657
4614.603 4638.288
4640.217 4705.234
4706.592 4856.763
4858.436 5204.699
5206.25 5238.188
5239.643 6084.48
6085.912 6101.777
6103.146 6331.985
6333.817 6409.026
6411.881 6425.268
6428.107 6479.004
