0.0 10.961
17.801 39.775
41.477 42.926
47.18 125.025
127.876 206.277
208.693 213.617
216.008 314.545
316.238 346.585
348.738 420.722
422.654 482.269
484.721 589.885
592.656 597.589
599.79 704.272
705.829 735.761
737.213 800.066
802.659 883.363
886.398 990.27
993.206 994.206
996.068 1000.478
1003.95 1084.81
1086.664 1196.48
1199.5 1291.242
1295.712 1380.776
1383.813 1387.625
1389.262 1474.227
1476.754 1595.64
1598.626 1599.225
1601.088 1606.697
1608.254 1718.994
1722.695 1727.626
1730.027 1737.742
1738.857 1858.305
1861.36 1866.502
1868.131 1962.017
1963.573 1979.128
1985.238 2065.166
2068.119 2068.984
2070.846 2075.659
2076.659 2173.122
2176.125 2177.122
2178.986 2183.731
2185.394 2271.826
2274.805 2349.578
