4.197 26.303
27.614 27.936
30.044 30.367
32.623 32.946
34.526 88.88
92.087 146.961
148.246 148.57
150.376 150.701
152.989 153.382
155.935 218.623
221.613 222.088
225.146 314.203
317.425 377.01
379.37 379.693
382.988 431.039
432.516 518.051
521.257 580.01
581.537 581.86
584.099 584.422
586.329 586.888
589.215 718.554
721.779 819.041
821.575 821.9
825.668 825.993
828.436 848.525
850.791 851.116
854.055 854.78
857.09 1081.94
1084.359 1084.668
1088.386 1128.2
1129.85 1130.243
1131.997 1132.305
1134.693 1138.529
1140.616 1144.171
1146.074 1153.002
1154.926 1277.384
1280.591 1366.151
1367.942 1368.265
1370.155 1371.046
1373.805 1452.132
1454.532 1454.857
1458.343 1569.137
1572.345 1624.384
1625.75 1626.074
1628.862 1629.186
1632.789 1633.763
1636.054 1798.573
1800.969 2016.636
2019.419 2020.375
2023.279 2023.602
2026.142 2270.131
2273.338 2320.519
2322.453 2322.775
2325.248 2326.39
2328.816 2598.541
2601.41 2601.736
2604.938 2813.101
2815.874 2817.181
2819.618 2826.564
2829.035 2836.597
2838.636 3134.106
3136.279 3274.275
3277.164 3292.535
3298.079 3299.45
3301.823 3305.193
3306.965 3311.234
3313.155 3316.526
3318.313 3396.39
3398.481 3552.036
3554.091 3851.126
