8.268 8.652
13.501 33.195
36.43 82.069
90.345 92.363
94.551 184.693
187.002 209.993
211.198 211.402
213.16 218.259
220.295 444.581
446.542 468.11
472.955 587.569
590.532 591.676
593.742 595.937
597.156 749.213
751.12 817.124
822.552 827.655
830.711 1137.207
1140.519 1341.322
1343.195 1389.144
1391.75 1391.906
1394.099 1430.809
1433.379 1827.106
1829.028 1866.158
1868.729 2208.799
2221.032 2268.6
2270.266 2319.643
2321.516 2361.31
2365.492 2471.253
2474.107 2485.365
2487.875 2600.614
2602.523 2644.97
2652.596 2690.263
2694.595 2757.182
2762.961 2815.422
2817.686 2920.054
