11.438 18.477
19.6 21.067
22.871 26.348
30.918 70.539
74.563 86.909
87.916 92.158
93.533 124.805
125.938 137.769
139.169 148.652
150.126 170.992
171.992 187.533
188.918 202.027
203.493 244.822
246.208 255.977
257.444 283.662
284.679 306.816
308.207 323.192
324.686 348.583
349.583 367.042
368.442 377.893
379.17 457.106
458.493 474.977
476.346 491.917
493.046 502.93
504.316 511.901
513.388 545.456
546.848 553.932
555.417 581.849
583.238 593.067
594.545 612.197
613.815 651.158
652.618 682.147
683.538 691.842
693.31 728.046
729.431 738.032
739.531 749.795
751.657 790.863
792.14 863.203
864.589 876.197
877.704 896.816
898.796 944.821
946.305 978.385
979.768 988.163
989.565 1012.027
1013.717 1051.062
1052.449 1077.037
1078.32 1149.419
1153.698 1166.14
1167.193 1188.791
1190.169 1249.887
1251.011 1262.252
1263.617 1298.786
1300.157 1305.461
1307.045 1318.99
1320.373 1329.525
1330.805 1363.388
1364.884 1389.83
1391.836 1411.989
1413.2 1430.325
1431.722 1440.676
1442.143 1470.729
1472.508 1507.723
1509.112 1519.397
1520.703 1581.906
1583.291 1599.063
1600.443 1614.916
1616.041 1625.876
1627.266 1635.087
1636.585 1648.388
1649.978 1684.949
1686.438 1697.008
1698.934 1730.749
1732.215 1744.687
1746.453 1774.681
1776.073 1787.788
1789.169 1803.84
1804.958 1814.575
1815.941 1831.016
1832.316 1860.93
1862.239 1921.958
1923.346 1932.826
1934.312 1944.48
1946.154 1974.052
1975.428 1985.591
1987.074 2000.529
2002.246 2030.469
2031.885 2039.965
2041.44 2051.139
2052.826 2077.71
2079.107 2084.461
2086.023 2095.609
2097.309 2125.848
2127.23 2141.354
2142.719 2156.591
2157.718 2168.126
2169.493 2184.372
2185.664 2259.181
2260.574 2270.34
2271.821 2281.799
2283.505 2313.227
2314.619 2319.788
2321.287 2334.219
2335.907 2360.321
2361.691 2371.791
2373.098 2432.821
2434.222 2456.465
2457.944 2468.818
2470.345 2502.694
2504.109 2512.658
2514.132 2527.376
2528.965 2562.326
2563.617 2634.301
2635.597 2671.084
2672.147 2683.786
2688.007 2716.6
2718.027 2735.234
2736.389 2745.458
2746.573 2757.321
2758.688 2768.22
2769.702 2782.713
2784.518 2812.679
2814.064 2832.224
2833.715 2845.762
2847.49 2869.352
2870.739 2883.362
2884.838 2899.952
2901.771 2929.465
2930.855 2945.495
2946.863 2960.635
2961.752 2972.042
2973.433 2981.921
2983.228 3039.059
3040.457 3051.894
3053.381 3068.385
3070.088 3096.535
3097.911 3104.0
3105.497 3119.179
3120.776 3153.229
3154.617 3164.703
3166.067 3179.743
3180.862 3190.75
3192.141 3202.118
3203.606 3213.732
3215.357 3238.356
3239.745 3248.229
3249.516 3302.409
3303.791 3312.594
3314.071 3352.092
3353.592 3368.001
3369.813 3382.408
3384.188 3427.526
3429.029 3446.152
3447.844 3460.546
3462.276 3510.532
3511.925 3527.842
3529.54 3541.091
3542.814 3592.044
3596.256 3633.74
3635.226 3649.526
3651.185 3673.328
3674.451 3684.765
3686.16 3728.913
3730.419 3743.724
3745.443 3758.768
3760.473 3787.356
3788.742 3800.903
3802.403 3816.423
3818.126 3832.03
3833.745 3859.913
3861.307 3867.574
3869.112 3884.423
3886.145 3899.119
3900.97 3926.161
3927.531 3933.116
3934.612 3953.564
3955.281 3964.841
3966.561 3989.664
3991.059 4008.804
4010.195 4013.957
4015.586 4028.959
4030.081 4041.101
4042.474 4061.326
4062.639 4118.664
4120.079 4127.68
4129.164 4151.202
4152.926 4165.624
4167.339 4189.759
4191.213 4198.951
4200.447 4213.178
4214.863 4230.123
4231.844 4257.924
4259.301 4264.838
4266.329 4281.452
4283.458 4297.53
4299.236 4325.271
4326.675 4332.312
4333.798 4347.432
4349.136 4362.023
4363.699 4393.393
4394.761 4399.947
4401.434 4416.996
4418.719 4431.394
4433.098 4461.714
4463.098 4479.503
4480.869 4484.635
4486.259 4499.285
4500.403 4510.383
4511.784 4522.786
4524.268 4533.81
4535.507 4552.531
4554.162 4596.413
4597.907 4611.68
4613.38 4630.246
4631.89 4668.977
4670.291 4724.381
4725.783 4748.772
4750.197 4824.791
4826.28 4839.133
4840.788 4862.065
4863.871 4921.286
4922.325 4936.779
4940.971 4972.9
4974.387 4991.203
4992.83 5020.743
5021.862 5031.879
5033.294 5045.025
5046.519 5060.819
5062.536 5076.897
5078.619 5105.788
5107.172 5112.893
5114.382 5127.596
5129.313 5141.991
5143.691 5167.926
5169.302 5174.972
5176.475 5195.485
5197.19 5212.369
5214.045 5241.065
5242.447 5252.379
5253.747 5257.65
5259.286 5272.463
5273.578 5284.071
5285.46 5296.888
5298.391 5312.06
5313.766 5327.535
5329.238 5352.048
5353.432 5364.59
5366.097 5381.939
5383.665 5397.984
5399.688 5428.9
5430.289 5442.54
5443.917 5447.68
5449.309 5462.332
5463.459 5474.133
5475.497 5492.052
5493.332 5532.636
5534.134 5592.446
5595.471 5619.609
5621.208 5638.389
5640.005 5681.846
5683.239 5704.312
5705.825 5720.106
5721.807 5734.938
5736.626 5749.116
5750.716 5782.558
5783.947 5820.776
5822.248 5840.149
5841.87 5853.385
5855.105 5868.707
5870.33 5909.995
5911.475 5927.342
5929.003 5940.101
5941.746 6005.201
6006.771 6078.173
6079.213 6093.385
6097.604 6115.418
6116.714 6168.669
6170.089 6180.916
6182.416 6192.941
6194.648 6209.721
6211.318 6243.712
6244.839 6255.792
6257.161 6268.073
6269.456 6301.652
6303.123 6319.297
6321.043 6339.768
6341.474 6353.495
6355.107 6390.719
6392.205 6405.954
6407.663 6425.726
6427.448 6441.664
6443.422 6478.614
6480.112 6494.626
6496.502 6514.772
6516.424 6529.349
6530.874 6575.79
6576.809 6590.583
6594.805 6625.48
6626.983 6640.755
6642.377 6655.906
6657.544 6685.22
6686.338 6696.461
6697.834 6711.175
6712.649 6722.24
6723.943 6737.392
6739.106 6749.993
6751.697 6774.82
6776.206 6783.89
6785.363 6797.353
6799.043 6811.574
6813.275 6823.381
6825.104 6855.094
6856.472 6864.959
6866.436 6878.264
6879.964 6891.243
6892.852 6904.274
6905.902 6920.673
6922.301 6952.822
6954.213 6964.781
6966.057 6992.763
6994.061 7049.36
7050.754 7059.207
7060.569 7064.475
7066.112 7070.109
7071.802 7075.803
7076.806 7085.844
7086.959 7097.868
7099.241 7113.381
7114.809 7145.494
7146.98 7156.256
7157.96 7167.051
7168.727 7181.192
7182.964 7196.151
7197.894 7260.395
7261.887 7272.896
7274.609 7292.162
7293.881 7306.685
7308.412 7322.539
7324.238 7363.908
7365.37 7376.009
7377.629 7390.588
7392.21 7403.875
7405.5 7414.317
7415.82 7472.646
7476.913 7498.167
7499.635 7511.372
7513.077 7526.079
7527.801 7544.915
7546.62 7562.919
7564.551 7608.983
7610.481 7620.714
7622.407 7633.019
7634.743 7644.074
7645.762 7658.525
7660.163 7695.704
7697.182 7706.673
7708.365 7720.719
7722.441 7733.257
7734.965 7746.901
7748.52 7798.874
7800.399 7814.101
7815.845 7837.4
7839.04 7854.574
7856.22 7873.306
7874.864 8021.177
