6.486 92.693
95.314 95.519
98.338 255.79
257.88 266.034
268.936 270.63
276.296 391.281
392.446 429.526
431.324 445.293
446.539 447.745
456.404 458.979
461.29 463.114
465.817 603.589
605.775 621.017
623.32 625.042
630.577 805.718
807.707 820.663
822.884 822.941
831.482 834.041
836.352 838.185
840.883 965.839
967.897 982.903
985.207 987.098
993.069 994.256
999.143 1021.856
1022.866 1163.486
1165.269 1179.171
1180.433 1182.03
1190.637 1193.189
1195.509 1197.339
1200.058 1259.781
1261.121 1379.562
1381.849 1391.359
1393.235 1395.254
1401.067 1606.474
1607.734 1609.268
1617.905 1620.438
1622.743 1624.573
1627.297 1834.623
1835.785 1880.364
1881.51 1948.265
1950.279 1969.826
1971.12 1972.916
1974.919 1979.291
1985.488 1987.656
1992.04 2168.84
2170.15 2357.884
2359.669 2456.247
2457.553 2458.967
2460.708 2491.79
2493.079 2494.495
2503.03 2505.566
2507.89 2509.732
2512.156 2594.028
2596.144 2612.258
