0.0 33.65
35.0 36.387
41.478 118.6
122.063 188.136
190.572 195.495
198.702 273.246
274.648 305.01
306.393 378.09
382.085 443.632
447.726 554.965
557.535 562.455
565.216 669.36
670.899 702.052
704.004 813.34
816.586 910.534
913.498 919.723
921.745 999.533
1004.36 1111.102
1114.067 1114.746
1116.064 1121.819
1124.445 1214.479
1217.475 1310.907
1313.839 1317.663
1319.774 1412.386
1417.029 1525.122
1528.118 1532.21
1533.904 1641.459
1644.345 1649.263
1652.909 1660.594
1661.698 1783.013
1786.063 1787.071
1788.924 1792.547
1796.705 1896.988
1898.657 1917.754
1919.373 1923.678
1927.356 2010.573
2013.586 2020.874
2022.633 2108.644
2111.611 2116.829
2118.059 2277.715
