0.0 14.651
16.138 16.511
17.862 18.519
19.859 20.335
21.691 23.034
24.386 25.213
27.699 185.261
187.731 312.069
315.895 316.264
317.624 318.43
319.804 320.755
324.96 438.958
442.784 443.19
444.547 445.453
446.807 446.901
448.239 448.728
450.069 450.658
452.019 452.752
455.236 569.908
573.736 574.105
575.464 576.688
581.547 589.046
590.923 591.511
592.884 594.642
595.996 596.905
602.038 792.086
795.913 796.314
797.673 798.66
800.018 800.109
801.449 802.14
803.479 804.235
805.594 806.222
810.263 957.732
960.201 1049.726
1052.216 1173.596
1175.5 1175.869
1177.226 1177.715
1179.057 1179.496
1180.853 1180.91
1182.256 1182.946
1184.298 1185.076
1186.428 1187.189
1192.853 1254.501
1256.392 1257.047
1258.401 1258.46
1259.802 1261.455
1262.795 1263.688
1268.408 1357.089
1360.916 1361.288
1362.644 1363.869
1366.454 1424.232
1426.116 1426.702
1428.076 1429.83
1431.19 1432.099
1434.815 1514.847
1518.674 1519.033
1520.385 1521.709
1523.047 1523.506
1524.844 1525.689
1527.041 1527.805
1531.187 1586.047
1587.935 1588.593
1589.945 1590.002
1591.343 1593.0
1594.338 1595.233
1599.483 1667.615
1670.096 1778.778
1782.605 1783.26
1784.614 1784.673
1786.012 1787.437
1788.775 1789.396
1790.741 1791.808
1794.847 1904.154
1907.981 1908.634
1909.992 1910.052
1911.39 1912.428
1913.767 1914.127
1915.464 1916.492
1921.849 1967.628
1969.12 1970.907
1973.526 1973.533
1976.122 1977.446
1980.071 1980.126
1984.45 2043.153
2044.622 2045.16
2046.516 2048.006
2050.625 2051.497
2054.129 2054.173
2057.342 2195.215
