4.525 25.732
27.041 27.616
30.029 168.842
170.532 192.893
198.097 208.427
210.578 212.736
216.213 224.405
226.97 227.38
229.618 454.113
455.353 484.912
487.379 496.468
498.483 499.846
502.998 514.048
516.607 517.017
519.241 727.288
728.544 728.948
730.242 780.202
782.639 792.432
794.379 795.475
798.638 805.499
808.064 808.472
810.643 1131.393
1132.686 1162.419
1167.045 1175.872
1177.908 1179.532
1182.684 1190.323
1192.886 1193.289
1195.498 1509.067
1510.363 1537.063
1538.277 1541.372
1543.841 1554.267
1556.33 1557.959
1561.121 1570.112
1572.676 1573.081
1575.273 1908.105
1909.395 1942.252
1943.397 1946.494
1951.409 1959.368
1961.382 1963.546
1966.787 1990.112
1992.273 2452.355
2454.046 2487.007
2489.208 2490.468
2492.947 2500.194
2503.013 2505.171
2507.222 2535.492
2539.77 2683.865
2685.551 2701.27
