0.0 26.184
27.207 57.792
60.38 71.103
72.292 225.826
231.894 238.791
239.97 354.881
360.948 367.844
368.996 420.941
425.523 429.629
437.825 446.552
447.588 546.715
552.78 559.677
560.896 725.789
731.852 738.749
739.855 791.795
796.379 800.484
808.53 817.253
818.444 967.196
973.256 980.151
981.375 1100.905
1106.97 1113.869
1115.049 1154.682
1159.25 1163.352
1171.419 1180.146
1181.288 1274.351
1280.416 1287.314
1288.432 1403.255
1404.374 1496.469
1502.536 1509.431
1510.638 1538.452
1543.152 1547.253
1555.104 1563.828
1565.048 1708.202
1714.27 1721.168
1722.221 1810.637
1816.702 1823.598
1824.805 1851.915
1856.537 1860.641
1867.477 1898.06
1899.684 1906.579
1907.768 2040.842
2046.907 2053.806
2054.816 2176.351
2182.416 2189.312
2190.508 2345.541
2349.739 2437.979
