1.833 9.448
10.897 119.533
121.771 127.075
130.169 257.804
259.711 264.284
268.072 407.082
413.774 421.808
425.128 525.527
527.754 536.185
540.105 753.25
755.545 760.382
763.953 953.707
960.391 963.964
967.732 1117.591
1119.336 1129.962
1133.678 1220.265
1222.332 1244.941
1248.659 1370.291
1372.269 1381.831
1385.598 1595.391
1602.057 1607.094
1610.395 1943.43
1945.675 1950.644
1954.029 2251.863
2254.368 2260.271
2263.738 3023.797
3030.463 3038.961
3043.253 3120.171
3122.479 3126.45
3130.273 3233.091
3235.46 3240.697
3244.2 3459.729
3466.395 3469.969
3473.754 3562.684
