2.128 2.183
8.32 71.812
73.699 74.772
75.826 85.179
88.263 91.356
96.053 99.532
101.921 175.703
177.581 195.997
198.798 201.802
206.567 210.05
212.438 245.954
247.609 288.384
290.329 291.396
292.45 306.625
309.534 312.189
316.949 320.434
322.82 432.057
433.941 467.499
470.45 473.587
478.385 481.869
484.256 580.485
582.382 602.832
605.633 608.467
613.214 616.697
619.08 766.749
768.726 769.788
770.848 800.876
803.711 806.628
812.717 813.811
816.809 821.102
822.32 830.421
831.456 843.662
844.838 889.44
