0.0 212.143
214.434 285.499
287.958 449.546
450.973 555.819
556.921 652.744
653.975 864.002
865.095 1003.947
1005.743 1190.518
1191.61 1310.656
1312.496 1313.09
1315.092 1743.085
1744.183 1765.778
1767.987 1933.012
1934.128 1988.586
1990.953 2012.281
2013.841 2075.544
2076.631 2139.022
2142.953 2413.8
2414.898 2433.72
2436.336 2645.292
2646.4 3042.321
3043.436 3123.252
3127.648 3361.634
3362.746 3382.458
3383.602 3384.395
3387.346 3513.965
3515.095 3515.272
3516.433 3691.941
3693.041 3796.259
3797.304 3993.209
3994.313 4346.658
4347.774 4368.626
4370.11 4419.417
4422.482 4657.896
4659.0 4677.675
4679.502 4680.045
4682.013 4782.852
4784.112 4943.123
4944.236 5003.794
5005.114 5233.157
5234.253 5253.093
5254.221 5508.856
5510.033 5511.21
5512.836 5710.414
5711.53 5730.624
5733.124 6147.216
6148.314 6215.725
6221.186 6485.45
6486.557 6738.341
6739.445 6761.775
6763.136 7004.449
7005.561 7380.415
7381.528 7641.726
7642.989 7779.665
7784.383 7790.246
7791.675 7796.521
7797.815 7799.325
7800.561 7954.074
7956.442 8038.261
