5.318 31.029
32.536 173.236
174.35 427.569
428.885 433.212
434.983 719.413
721.933 726.261
728.035 780.268
782.048 986.064
988.536 993.575
995.345 1202.531
1203.599 1208.867
1210.641 1573.736
1575.529 1579.853
1581.63 1688.758
1690.533 1820.518
1822.445 1824.714
1826.514 2095.351
2096.721 2097.777
2100.184 2101.234
2102.804 2105.917
2107.646 2110.175
2112.671 2134.268
2135.807 2135.932
2137.714 2141.49
2142.608 2143.386
2144.704 2149.032
2152.434 2156.351
2158.709 2166.054
2167.477 2205.306
2208.785 2272.757
