0.0 81.012
83.494 90.701
95.417 98.034
99.367 102.923
104.154 105.524
106.638 107.029
109.203 188.776
191.115 496.405
498.529 615.351
617.699 965.054
967.164 1023.971
1025.027 1028.716
1030.892 1062.272
1063.68 1065.742
1067.546 1069.567
1072.417 1097.112
1098.153 1100.615
1102.078 1103.029
1104.894 1128.218
1129.737 1132.198
1133.607 1134.576
1136.848 1146.423
1147.941 1150.004
1151.216 1152.569
1155.408 1197.937
1199.09 1201.849
1204.008 1207.025
1208.929 1276.037
1277.562 1281.368
1283.521 1301.725
1303.319 1305.979
1307.757 1308.372
1310.854 1312.61
1314.234 1316.894
1318.685 1320.321
1323.209 1338.319
1339.807 1341.871
1343.183 1344.532
1347.488 1413.916
1415.418 1418.176
1420.624 1442.04
1445.732 1464.312
1466.68 1800.807
1804.849 1863.243
1864.309 1866.373
1867.65 1869.001
1871.656 1883.278
1887.907 1890.364
1891.745 1892.695
1894.461 1912.32
1913.378 1915.836
1918.035 1918.988
1920.686 1949.829
1950.969 1952.93
1955.162 1957.872
1959.67 1978.351
1979.639 1985.351
1988.621 2094.606
2096.163 2100.859
2103.864 2121.706
2123.136 2125.795
2127.421 2127.725
2131.3 2133.158
2134.783 2137.442
2138.442 2139.106
2141.032 2178.681
2181.955 2184.014
2186.065 2188.726
2191.461 2247.309
2249.63 2659.112
2664.165 2779.984
2781.518 2783.58
2785.842 2787.189
2790.335 2903.565
2908.297 2910.043
2911.791 2914.449
2917.328 2950.215
2951.27 2953.732
2955.277 2956.993
2958.941 2970.5
2972.669 2975.971
2978.009 3038.143
3039.176 3042.735
3044.175 3045.529
3047.316 3047.663
3049.331 3085.227
3086.799 3089.259
3090.542 3092.819
3094.862 3176.393
3178.5 3689.456
3691.554 3774.216
3776.364 4259.177
4263.879 4278.598
4280.048 4282.507
4284.5 4285.862
4292.153 4325.496
4326.903 4329.662
4330.985 4334.32
4337.252 4437.212
4439.06 5193.966
5196.605 5206.254
5208.091 5309.147
5310.985 5420.497
5422.365 5998.388
6005.191 6006.436
6008.269 6244.426
6246.227 6387.714
6388.758 6390.917
6392.974 6422.169
6423.301 6425.763
6427.041 6429.305
6431.559 6449.349
6450.405 6452.566
6454.688 6532.809
6534.926 7484.149
7486.155 7487.019
7489.341 7509.967
7511.442 7515.098
7519.741 7595.632
