2.651 208.372
210.912 211.807
222.366 222.425
224.106 225.779
227.33 231.748
232.863 643.653
646.115 646.409
654.496 654.578
656.78 658.45
659.671 665.309
666.389 759.664
760.776 766.575
767.716 953.949
956.3 957.179
966.343 966.427
968.286 969.97
971.389 979.012
980.067 1172.583
1175.36 1175.652
1183.492 1183.569
1186.368 1188.045
1189.234 1194.302
1195.379 1530.742
1533.123 1533.921
1541.15 1541.251
1544.302 1549.714
1550.798 1668.042
1669.115 1872.462
1874.694 1875.574
1885.121 1896.953
1898.533 1912.216
1915.364 2315.581
2322.909 2415.665
