0 88
89 100
101 139
141 1036
1037 1040
1041 1320
1321 1328
1329 1336
1337 1344
1345 1352
1353 1360
1361 1368
1369 1376
1377 1384
1385 1392
1393 1400
1401 1408
1409 1416
1417 1424
1425 1458
1459 1648
1649 1657
1658 2024
2025 2061
2062 2158
2161 2247
2249 4103
4104 4181
4183 6139
6140 6288
6289 6882
6883 6961
6962 6977
6978 7042
7043 7129
7131 8261
8262 8271
8273 8730
8731 8796
8799 10243
10244 10319
10320 10336
10337 10400
10401 10490
10491 12129
12130 12201
12203 13292
13293 13310
13311 14031
14032 14182
14183 15657
15658 15734
15735 15750
15751 15815
15816 15902
15904 18089
18091 18159
18161 20147
20148 20157
20159 20408
20409 21511
21512 22297
22298 22303
22304 23743
23744 23821
23822 23837
23838 23902
23903 23988
23990 25396
25397 25462
25464 26858
26859 26934
26935 26951
26952 27016
27017 27103
27105 28566
28567 28634
28637 30171
30172 30321
30322 32301
32303 32378
32379 32395
32396 32460
32461 32547
32549 33076
33077 33086
33087 34038
34039 34185
34186 36486
36487 36521
36522 36807
36808 36832
36833 37039
37040 37045
37046 37064
37065 37086
37087 39583
39584 39839
39840 39880
