0 7
8 194
195 201
202 423
424 439
440 961
962 972
973 3601
3602 3612
3613 4611
4612 4621
4622 5062
5063 7133
7134 7341
7342 7354
7355 8021
8022 8032
8033 9954
9955 9965
9966 12839
12840 13075
13076 13086
13087 13465
13466 14744
14745 14952
14953 14965
14966 15944
15945 15955
15956 18018
18019 18029
18030 22203
22204 22453
22454 22463
22464 22531
22532 22542
22543 24549
24550 24560
24561 28191
28192 28441
28442 28454
28455 29395
29396 29406
29407 32377
32378 32388
32389 37257
37258 37268
37269 39835
39836 40085
40086 40099
40100 41108
41109 41119
41120 41531
41532 41541
41542 42548
42549 42559
42560 43508
43509 43518
43519 43774
43775 43788
43789 43873
43874 43883
43884 44397
44398 44407
44408 44436
44437 44447
44448 44902
44903 44913
44914 44927
44928 44937
44938 48951
48952 50964
50965 50980
50981 51443
51444 51453
51454 54345
54346 54356
54357 55268
55269 55278
55279 55695
55696 57745
57746 57953
57954 57966
57967 58708
58709 58719
58720 61234
61235 61245
61246 65144
65145 65155
65156 65556
65557 66839
66840 67047
67048 67060
67061 68046
68047 68057
68058 70000
70001 70011
70012 73954
73955 74204
74205 74214
74215 74282
74283 74293
74294 76260
76261 76270
76271 79983
79984 80233
80234 80246
80247 81146
81147 81157
81158 84793
84794 84804
84805 89514
89515 89525
89526 91768
91769 92018
92019 92032
92033 93022
93023 93033
93034 93520
93521 93531
93532 94349
94350 94359
94360 94833
94834 94843
94844 95130
95131 95143
95144 95238
95239 95249
95250 99686
99687 101699
101700 101715
101716 102192
102193 102203
102204 105020
105021 105031
105032 105929
105930 105939
105940 106322
106323 108556
108557 108764
108765 108777
108778 109425
109426 109436
109437 111646
111647 111657
111658 115743
115744 115754
115755 116097
116098 117352
117353 117560
117561 117573
117574 118720
118721 118730
118731 120539
120540 120550
120551 124324
124325 124574
124575 124585
124586 124652
124653 124663
124664 126459
126460 126470
126471 130230
130231 130479
130480 130493
130494 131247
131248 131258
131259 133859
133860 133869
133870 138529
138530 138540
138541 140646
140647 140896
140897 140910
140911 141865
141866 141876
141877 142286
142287 142297
142298 143216
143217 143226
143227 143778
143779 143789
143790 144103
144104 144117
144118 144213
144214 144223
144224 148154
148155 150166
150167 150172
